[header]
width=20
height=20
tilewidth=64
tileheight=32
orientation=isometric
background_color=0,0,0,255
music=music/dungeon_theme.ogg
tileset=tilesetdefs/tileset_dungeon.txt
title=New Dungeon Map

[tilesets]
tileset=dungeon/tiled_collision.png,64,32,0,0
tileset=dungeon/tiled_dungeon.png,64,128,0,0
tileset=dungeon/set_rules.png,64,32,0,0
tileset=dungeon/tiled_dungeon_2x2.png,128,64,0,16
tileset=dungeon/door_left.png,64,128,-16,-8
tileset=dungeon/door_right.png,64,128,16,-8
tileset=dungeon/stairs.png,256,256,0,48
tileset=common/boss_chest.png,64,64,0,0
tileset=cave/tiled_cave.png,64,128,0,0

[layer]
type=automap
data=
260,260,260,260,260,260,260,260,260,260,260,260,260,260,260,260,260,260,260,260,
260,258,258,258,258,258,258,258,258,258,258,258,258,258,258,258,258,258,258,260,
260,258,258,258,258,258,258,258,258,260,260,260,260,260,258,258,258,258,258,260,
260,258,258,258,258,258,258,258,258,260,260,260,260,260,258,258,258,258,258,260,
260,258,260,260,258,258,258,258,258,260,260,260,260,260,258,258,258,258,258,260,
260,258,260,260,258,258,258,258,258,260,260,260,260,260,258,258,258,258,258,260,
260,258,260,260,258,258,258,258,258,260,260,260,260,260,258,258,258,258,258,260,
260,258,260,260,258,258,258,258,258,258,258,258,258,258,258,258,258,258,258,260,
260,258,260,260,258,258,258,258,258,258,258,258,258,258,258,258,258,258,258,260,
260,258,260,260,258,258,258,258,258,258,258,258,258,258,258,258,258,258,258,260,
260,258,260,260,258,258,258,258,258,258,258,258,258,258,258,258,258,258,258,260,
260,258,260,260,258,258,258,258,258,258,258,258,258,258,258,258,258,258,258,260,
260,258,260,260,258,258,258,258,258,258,258,258,258,258,258,258,258,258,258,260,
260,258,258,258,258,258,258,258,258,258,258,258,258,258,258,258,258,258,258,260,
260,258,258,258,258,258,258,258,258,258,258,258,258,258,258,258,258,258,258,260,
260,258,258,258,258,258,258,258,258,258,258,258,258,258,258,258,258,258,258,260,
260,258,258,258,258,258,258,258,258,258,258,258,258,258,258,258,258,258,258,260,
260,258,258,258,258,258,258,258,258,258,258,258,258,258,258,258,258,258,258,260,
260,258,258,258,258,258,258,258,258,258,258,258,258,258,258,258,258,258,258,260,
260,260,260,260,260,260,260,260,260,260,260,260,260,260,260,260,260,260,260,260

[layer]
type=background
data=
16,16,16,16,16,16,16,16,16,16,16,16,16,16,16,16,16,16,16,0,
16,16,16,16,16,16,16,16,16,16,16,16,16,16,16,16,16,16,16,0,
16,16,16,16,16,16,16,16,16,0,0,0,0,16,16,16,16,16,16,0,
16,16,16,16,16,51,51,51,16,0,0,0,0,16,16,16,16,16,16,0,
16,16,0,16,16,51,51,51,16,0,0,0,0,16,16,16,16,16,16,0,
16,16,0,16,16,51,51,51,16,0,0,0,0,16,16,16,16,16,16,0,
16,16,0,16,16,51,51,51,16,16,16,16,16,16,16,16,16,16,16,0,
16,16,0,16,16,16,16,16,16,16,16,16,16,16,16,16,16,16,16,0,
16,16,0,16,16,16,16,16,16,16,16,16,16,16,16,16,16,16,16,0,
16,16,0,16,16,57,16,62,16,60,16,58,16,57,16,60,16,60,16,0,
16,16,0,16,16,16,16,16,16,16,16,16,16,16,16,16,16,16,16,0,
16,16,0,16,16,16,58,16,63,16,57,16,61,16,59,16,62,16,62,0,
16,16,16,16,16,16,16,16,16,16,16,16,16,16,16,16,16,16,16,0,
16,16,16,16,16,16,16,16,16,16,16,16,16,16,16,16,16,16,16,0,
16,16,16,16,16,16,16,16,16,16,16,16,16,16,16,16,16,16,16,0,
16,16,16,16,16,16,16,16,16,16,16,16,16,16,16,16,16,16,16,0,
16,16,16,16,16,16,16,16,16,16,16,16,16,16,16,16,16,16,16,0,
16,16,16,16,16,16,16,16,16,16,16,16,16,16,16,16,16,16,16,0,
16,16,16,16,16,16,16,16,16,16,16,16,16,16,16,16,16,16,16,0,
0,0,0,0,0,0,0,0,0,0,0,0,0,0,0,0,0,0,0,0

[layer]
type=object
data=
77,69,65,69,69,69,65,69,69,69,65,65,69,65,69,69,69,69,65,78,
68,0,0,0,0,0,0,0,0,0,0,0,0,0,0,0,0,0,0,70,
64,0,0,0,0,0,0,0,0,91,83,83,83,88,0,0,0,0,0,82,
68,0,0,0,0,0,0,0,0,82,0,0,0,80,0,0,0,0,0,82,
68,0,91,88,0,0,0,0,0,82,0,0,0,64,0,0,0,0,0,82,
64,0,82,80,0,0,0,0,0,82,0,0,0,68,0,0,0,0,0,82,
64,0,82,68,0,0,0,0,0,90,81,65,69,73,0,0,0,0,0,82,
68,0,82,64,0,0,0,0,0,0,0,0,0,0,0,0,0,0,0,82,
64,0,82,64,0,0,0,0,0,0,0,0,0,0,0,0,0,0,0,82,
64,0,82,64,0,0,0,0,0,0,0,0,0,0,0,0,0,0,0,82,
68,0,82,64,0,0,0,0,0,0,0,0,0,0,0,0,0,0,0,82,
64,0,82,64,0,0,0,0,0,0,0,0,0,0,0,0,0,0,0,82,
68,0,90,73,0,0,0,0,0,0,0,0,0,0,0,0,0,0,0,82,
68,0,0,0,0,0,0,0,0,0,0,0,0,0,0,0,0,0,0,82,
68,0,0,0,0,0,0,0,0,0,0,0,0,0,0,0,0,0,0,82,
68,0,0,0,0,0,0,0,0,0,0,0,0,0,0,0,0,0,0,82,
64,0,0,0,0,0,0,0,0,0,0,0,0,0,0,0,0,0,0,82,
68,0,0,0,0,0,0,0,0,0,0,0,0,0,0,0,0,0,0,82,
64,0,0,0,0,0,0,0,0,0,0,0,0,0,0,0,0,0,0,82,
76,71,83,83,83,83,83,83,83,83,83,83,83,83,83,83,83,83,83,95

[layer]
type=collision
data=
1,1,1,1,1,1,1,1,1,1,1,1,1,1,1,1,1,1,1,1,
1,0,0,0,0,0,0,0,0,0,0,0,0,0,0,0,0,0,0,1,
1,0,0,0,0,0,0,0,0,1,1,1,1,1,0,0,0,0,0,1,
1,0,0,0,0,0,0,0,0,1,1,1,1,1,0,0,0,0,0,1,
1,0,1,1,0,0,0,0,0,1,1,1,1,1,0,0,0,0,0,1,
1,0,1,1,0,0,0,0,0,1,1,1,1,1,0,0,0,0,0,1,
1,0,1,1,0,0,0,0,0,1,1,1,1,1,0,0,0,0,0,1,
1,0,1,1,0,0,0,0,0,0,0,0,0,0,0,0,0,0,0,1,
1,0,1,1,0,0,0,0,0,0,0,0,0,0,0,0,0,0,0,1,
1,0,1,1,0,0,0,0,0,0,0,0,0,0,0,0,0,0,0,1,
1,0,1,1,0,0,0,0,0,0,0,0,0,0,0,0,0,0,0,1,
1,0,1,1,0,0,0,0,0,0,0,0,0,0,0,0,0,0,0,1,
1,0,1,1,0,0,0,0,0,0,0,0,0,0,0,0,0,0,0,1,
1,0,0,0,0,0,0,0,0,0,0,0,0,0,0,0,0,0,0,1,
1,0,0,0,0,0,0,0,0,0,0,0,0,0,0,0,0,0,0,1,
1,0,0,0,0,0,0,0,0,0,0,0,0,0,0,0,0,0,0,1,
1,0,0,0,0,0,0,0,0,0,0,0,0,0,0,0,0,0,0,1,
1,0,0,0,0,0,0,0,0,0,0,0,0,0,0,0,0,0,0,1,
1,0,0,0,0,0,0,0,0,0,0,0,0,0,0,0,0,0,0,1,
1,1,1,1,1,1,1,1,1,1,1,1,1,1,1,1,1,1,1,1

[npc]
type=npc
location=9,10,1,1
filename=npcs/Gormel.txt
requires_not_status=

