[header]
width=50
height=20
tilewidth=64
tileheight=32
orientation=isometric
background_color=0,0,0,255
music=music/dungeon_theme.ogg
tileset=tilesetdefs/tileset_dungeon.txt
title=Throne Room of Lorsion the Destroyer

[tilesets]
tileset=../dungeon/tiled_collision.png,64,32,0,0
tileset=../dungeon/tiled_dungeon.png,64,128,0,0
tileset=../dungeon/set_rules.png,64,32,0,0
tileset=../dungeon/tiled_dungeon_2x2.png,128,64,0,16
tileset=../dungeon/door_left.png,64,128,-16,-8
tileset=../dungeon/door_right.png,64,128,16,-8
tileset=../dungeon/stairs.png,256,256,0,48
tileset=../common/boss_chest.png,64,64,0,0
tileset=../cave/tiled_collision.png,64,32,0,0

[layer]
type=automap
data=
260,260,260,260,260,260,260,260,260,260,260,260,260,260,260,260,259,259,259,259,259,259,259,259,259,259,259,259,259,259,259,259,259,259,259,259,259,259,259,259,259,259,260,260,260,260,260,260,260,260,
260,260,260,260,258,258,258,258,258,258,258,258,258,258,258,258,259,259,259,259,259,259,259,259,259,259,259,259,259,259,259,259,259,259,259,259,259,259,259,259,259,259,258,258,258,258,258,258,258,260,
260,260,260,260,258,258,258,258,258,258,258,258,258,258,258,258,259,259,259,259,259,259,259,259,259,259,259,259,259,259,259,259,259,259,259,259,259,259,259,259,259,259,258,258,258,258,258,258,258,260,
260,260,260,260,258,258,258,258,258,258,258,258,258,258,258,258,259,259,259,259,259,259,259,259,259,259,259,259,259,259,259,259,259,259,259,259,259,259,259,259,259,259,258,258,258,258,258,258,258,260,
260,260,260,260,258,258,258,258,258,258,258,258,258,258,258,258,259,259,259,259,259,259,259,259,259,259,259,259,259,259,259,259,259,259,259,259,259,259,259,259,259,259,258,258,258,258,258,258,258,260,
260,260,260,260,258,258,258,258,258,258,258,258,258,258,258,258,259,259,259,259,259,259,259,259,259,259,259,259,259,259,259,259,259,259,259,259,259,259,259,259,259,259,258,258,258,258,258,258,258,260,
260,260,260,260,258,258,258,258,258,258,258,258,258,258,258,258,259,259,259,259,259,259,259,259,259,259,259,259,259,259,259,259,259,259,259,259,259,259,259,259,259,259,258,258,258,258,258,258,258,260,
260,260,260,260,258,258,258,258,258,258,258,258,258,258,258,258,258,258,258,258,259,258,258,258,258,258,258,259,258,258,258,258,258,258,259,258,258,258,258,258,258,259,258,258,258,258,258,258,258,260,
260,260,260,260,258,258,258,258,258,258,258,258,258,258,258,258,258,258,258,258,258,258,258,258,258,258,258,258,258,258,258,258,258,258,258,258,258,258,258,258,258,258,258,258,258,258,258,258,258,260,
260,260,260,260,258,258,258,258,258,258,258,258,258,258,258,258,258,258,258,258,258,258,258,258,258,258,258,258,258,258,258,258,258,258,258,258,258,258,258,258,258,258,258,258,0,0,258,258,258,260,
260,260,260,260,258,258,258,258,258,258,258,258,258,258,258,258,258,258,258,258,258,258,258,258,258,258,258,258,258,258,258,258,258,258,258,258,258,258,258,258,258,258,258,258,0,0,258,258,258,260,
260,260,260,260,258,258,258,258,258,258,258,258,258,258,258,258,258,258,258,258,259,258,258,258,258,258,258,259,258,258,258,258,258,258,259,258,258,258,258,258,258,259,258,258,258,258,258,258,258,260,
260,260,260,260,258,258,258,258,258,258,258,258,258,258,258,258,259,259,259,259,259,259,259,259,259,259,259,259,259,259,259,259,259,259,259,259,259,259,259,259,259,259,258,258,258,258,258,258,258,260,
260,260,260,260,258,258,258,258,258,258,258,258,258,258,258,258,259,259,259,259,259,259,259,259,259,259,259,259,259,259,259,259,259,259,259,259,259,259,259,259,259,259,258,258,258,258,258,258,258,260,
260,260,260,260,258,258,258,258,258,258,258,258,258,258,258,258,259,259,259,259,259,259,259,259,259,259,259,259,259,259,259,259,259,259,259,259,259,259,259,259,259,259,258,258,258,258,258,258,258,260,
260,260,260,260,258,258,258,258,258,258,258,258,258,258,258,258,259,259,259,259,259,259,259,259,259,259,259,259,259,259,259,259,259,259,259,259,259,259,259,259,259,259,258,258,258,258,258,258,258,260,
260,260,260,260,258,258,258,258,258,258,258,258,258,258,258,258,259,259,259,259,259,259,259,259,259,259,259,259,259,259,259,259,259,259,259,259,259,259,259,259,259,259,258,258,258,258,258,258,258,260,
260,260,260,260,258,258,258,258,258,258,258,258,258,258,258,258,259,259,259,259,259,259,259,259,259,259,259,259,259,259,259,259,259,259,259,259,259,259,259,259,259,259,258,258,258,258,258,258,258,260,
260,260,260,260,258,258,258,258,258,258,258,258,258,258,258,258,259,259,259,259,259,259,259,259,259,259,259,259,259,259,259,259,259,259,259,259,259,259,259,259,259,259,258,258,258,258,258,258,258,260,
260,260,260,260,260,260,260,260,260,260,260,260,260,260,260,260,259,259,259,259,259,259,259,259,259,259,259,259,259,259,259,259,259,259,259,259,259,259,259,259,259,259,260,260,260,260,260,260,260,260

[layer]
type=background
data=
0,0,0,16,16,16,16,16,16,16,16,16,16,16,16,22,49,0,0,0,0,0,0,0,0,0,0,0,0,0,0,0,0,0,0,0,0,0,0,0,0,0,20,16,16,16,16,16,16,0,
0,0,0,16,16,16,16,16,16,16,16,16,16,16,16,22,49,0,0,0,0,0,0,0,0,0,0,0,0,0,0,0,0,0,0,0,0,0,0,0,0,0,20,16,16,16,16,16,16,0,
0,0,0,16,16,16,16,16,16,16,16,16,16,16,16,22,49,0,0,0,0,0,0,0,0,0,0,0,0,0,0,0,0,0,0,0,0,0,0,0,0,0,20,16,16,16,16,16,16,0,
0,0,0,16,16,16,16,16,16,16,16,16,16,16,16,22,49,0,0,0,0,0,0,0,0,0,0,0,0,0,0,0,0,0,0,0,0,0,0,0,0,0,20,16,16,16,16,16,16,0,
0,0,0,16,16,16,16,16,16,16,16,16,16,16,16,22,49,0,0,0,0,0,0,0,0,0,0,0,0,0,0,0,0,0,0,0,0,0,0,0,0,0,20,16,16,16,16,16,16,0,
0,0,0,16,16,16,16,16,16,16,16,16,16,16,16,22,49,0,0,0,0,0,0,0,0,0,0,0,0,0,0,0,0,0,0,0,0,0,0,0,0,0,20,16,16,16,16,16,16,0,
0,0,0,16,16,16,16,16,16,16,16,16,16,16,16,22,49,0,0,0,0,0,0,0,0,0,0,0,0,0,0,0,0,0,0,0,0,0,0,0,0,0,20,16,16,16,16,16,16,0,
0,0,0,16,16,16,16,16,16,16,16,16,16,16,16,29,21,21,21,25,49,24,21,21,21,21,25,49,24,21,21,21,21,25,49,24,21,21,21,21,25,49,20,16,16,16,16,16,16,0,
0,0,0,16,16,16,16,16,16,16,16,16,16,16,16,16,16,16,16,29,21,28,16,16,16,16,29,21,28,16,16,16,16,29,21,28,16,16,16,16,29,21,28,16,16,16,16,16,16,0,
0,0,0,16,16,16,16,16,16,16,16,16,16,16,16,16,16,16,16,16,16,16,16,16,16,16,16,16,16,16,16,16,16,16,16,16,16,16,16,16,16,16,16,16,0,0,16,16,16,0,
0,0,0,16,16,16,16,16,16,16,16,16,16,16,16,16,16,16,16,30,23,31,16,16,16,16,30,23,31,16,16,16,16,30,23,31,16,16,16,16,30,23,31,16,264,0,16,16,16,0,
0,0,0,16,16,16,16,16,16,16,16,16,16,16,16,30,23,23,23,26,48,27,23,23,23,23,26,50,27,23,23,23,23,26,48,27,23,23,23,23,26,50,20,16,16,16,16,16,16,0,
0,0,0,16,16,16,16,16,16,16,16,16,16,16,16,22,48,50,50,50,0,50,50,50,50,50,50,0,50,50,50,50,50,50,0,50,50,50,50,50,50,0,20,16,16,16,16,16,16,0,
0,0,0,16,16,16,16,16,16,16,16,16,16,16,16,22,49,0,0,0,0,0,0,0,0,0,0,0,0,0,0,0,0,0,0,0,0,0,0,0,0,0,20,16,16,16,16,16,16,0,
0,0,0,16,16,16,16,16,16,16,16,16,16,16,16,22,49,0,0,0,0,0,0,0,0,0,0,0,0,0,0,0,0,0,0,0,0,0,0,0,0,0,20,16,16,16,16,16,16,0,
0,0,0,16,16,16,16,16,16,16,16,16,16,16,16,22,49,0,0,0,0,0,0,0,0,0,0,0,0,0,0,0,0,0,0,0,0,0,0,0,0,0,20,16,16,16,16,16,16,0,
0,0,0,16,16,16,16,16,16,16,16,16,16,16,16,22,49,0,0,0,0,0,0,0,0,0,0,0,0,0,0,0,0,0,0,0,0,0,0,0,0,0,20,16,16,16,16,16,16,0,
0,0,0,16,16,16,16,16,16,16,16,16,16,16,16,22,49,0,0,0,0,0,0,0,0,0,0,0,0,0,0,0,0,0,0,0,0,0,0,0,0,0,20,16,16,16,16,16,16,0,
0,0,0,16,16,16,16,16,16,16,16,16,16,16,16,22,49,0,0,0,0,0,0,0,0,0,0,0,0,0,0,0,0,0,0,0,0,0,0,0,0,0,20,16,16,16,16,16,16,0,
0,0,0,0,0,0,0,0,0,0,0,0,0,0,0,22,49,0,0,0,0,0,0,0,0,0,0,0,0,0,0,0,0,0,0,0,0,0,0,0,0,0,20,0,0,0,0,0,0,0

[layer]
type=object
data=
0,0,0,77,69,65,65,69,65,65,69,69,69,65,65,73,0,0,0,0,0,0,0,0,0,0,0,0,0,0,0,0,0,0,0,0,0,0,0,0,0,0,90,81,69,65,65,69,65,78,
0,0,0,64,0,0,0,0,0,0,0,0,0,0,0,0,0,0,0,0,0,0,0,0,0,0,0,0,0,0,0,0,0,0,0,0,0,0,0,0,0,0,0,0,0,0,0,0,0,70,
0,0,0,68,0,0,0,0,0,0,0,0,0,0,0,0,0,0,0,0,0,0,0,0,0,0,0,0,0,0,0,0,0,0,0,0,0,0,0,0,0,0,0,0,0,0,0,0,0,82,
0,0,0,68,0,0,0,0,0,0,0,0,0,0,0,0,0,0,0,0,0,0,0,0,0,0,0,0,0,0,0,0,0,0,0,0,0,0,0,0,0,0,0,0,0,0,0,0,0,82,
0,0,0,68,0,0,0,0,0,195,0,0,0,0,0,0,0,0,0,0,0,0,0,0,0,0,0,0,0,0,0,0,0,0,0,0,0,0,0,0,0,0,0,0,0,0,0,0,0,82,
0,0,0,64,0,0,0,0,0,194,0,0,0,0,0,0,0,0,0,0,0,0,0,0,0,0,0,0,0,0,0,0,0,0,0,0,0,0,0,0,0,0,0,0,0,0,0,0,0,82,
0,0,0,64,0,0,0,290,0,0,0,0,0,0,0,128,0,0,0,0,0,0,0,0,0,0,0,0,0,0,0,0,0,0,0,0,0,0,0,0,0,0,0,0,0,0,0,0,0,82,
0,0,0,68,0,0,0,0,0,183,0,0,0,0,0,0,0,0,0,167,0,0,0,0,0,0,128,0,0,0,0,0,0,128,0,0,0,135,0,0,0,0,128,0,150,0,0,0,0,82,
0,0,0,64,0,0,0,132,0,164,178,0,0,0,0,0,0,0,0,0,0,0,0,0,0,0,0,0,0,0,0,0,0,0,0,0,0,0,0,0,0,0,0,0,0,0,0,0,0,82,
0,0,0,64,0,0,0,0,0,183,0,0,0,0,0,0,0,0,0,0,0,0,0,0,0,0,0,0,0,0,0,0,0,0,0,0,0,0,0,0,0,0,0,0,0,0,0,0,0,82,
0,0,0,64,0,0,0,290,0,0,0,0,0,0,0,0,0,0,0,0,0,0,0,0,0,0,0,0,0,0,0,0,0,0,0,0,0,0,0,0,0,0,0,0,0,0,0,0,0,82,
0,0,0,68,0,0,0,0,0,201,0,0,0,0,0,0,0,0,0,167,0,0,0,0,0,0,128,0,0,0,0,0,0,128,0,0,0,135,0,0,0,0,128,0,0,0,0,0,0,82,
0,0,0,64,0,0,0,0,0,200,0,0,0,0,0,128,0,0,0,0,0,0,0,0,0,0,0,0,0,0,0,0,0,0,0,0,0,0,0,0,0,0,0,0,0,0,0,0,0,82,
0,0,0,64,0,0,0,0,0,0,0,0,0,0,0,0,0,0,0,0,0,0,0,0,0,0,0,0,0,0,0,0,0,0,0,0,0,0,0,0,0,0,0,0,0,0,0,0,0,82,
0,0,0,68,0,0,0,0,0,0,0,0,0,0,0,0,0,0,0,0,0,0,0,0,0,0,0,0,0,0,0,0,0,0,0,0,0,0,0,0,0,0,0,0,0,0,0,0,0,82,
0,0,0,68,0,0,0,0,0,0,0,0,0,0,0,0,0,0,0,0,0,0,0,0,0,0,0,0,0,0,0,0,0,0,0,0,0,0,0,0,0,0,0,0,0,0,0,0,0,82,
0,0,0,68,0,0,0,0,0,0,0,0,0,0,0,0,0,0,0,0,0,0,0,0,0,0,0,0,0,0,0,0,0,0,0,0,0,0,0,0,0,0,0,0,0,0,0,0,0,82,
0,0,0,68,0,0,0,0,0,0,0,0,0,0,0,0,0,0,0,0,0,0,0,0,0,0,0,0,0,0,0,0,0,0,0,0,0,0,0,0,0,0,0,0,0,0,0,0,0,82,
0,0,0,64,0,0,0,0,0,0,0,0,0,0,0,0,0,0,0,0,0,0,0,0,0,0,0,0,0,0,0,0,0,0,0,0,0,0,0,0,0,0,0,0,0,0,0,0,0,82,
0,0,0,76,71,83,83,83,83,83,83,83,83,83,83,88,0,0,0,0,0,0,0,0,0,0,0,0,0,0,0,0,0,0,0,0,0,0,0,0,0,0,91,83,83,83,83,83,83,95

[layer]
type=collision
data=
1,1,1,1,1,1,1,1,1,1,1,1,1,1,1,1,2,4,4,4,4,4,4,4,4,4,4,4,4,4,4,4,4,4,4,4,4,4,4,4,4,2,1,1,1,1,1,1,1,1,
1,1,1,1,0,0,0,0,0,0,0,0,0,0,0,0,2,4,4,4,4,4,4,4,4,4,4,4,4,4,4,4,4,4,4,4,4,4,4,4,4,2,0,0,0,0,0,0,0,1,
1,1,1,1,0,0,0,0,0,0,0,0,0,0,0,0,2,4,4,4,4,4,4,4,4,4,4,4,4,4,4,4,4,4,4,4,4,4,4,4,4,2,0,0,0,0,0,0,0,1,
1,1,1,1,0,0,0,0,0,0,0,0,0,0,0,0,2,4,4,4,4,4,4,4,4,4,4,4,4,4,4,4,4,4,4,4,4,4,4,4,4,2,0,0,0,0,0,0,0,1,
1,1,1,1,0,0,0,0,0,4,0,0,0,0,0,0,2,4,4,4,4,4,4,4,4,4,4,4,4,4,4,4,4,4,4,4,4,4,4,4,4,2,0,0,0,0,0,0,0,1,
1,1,1,1,0,0,0,0,0,4,0,0,0,0,0,0,2,4,4,4,4,4,4,4,4,4,4,4,4,4,4,4,4,4,4,4,4,4,4,4,4,2,0,0,0,0,0,0,0,1,
1,1,1,1,0,0,0,295,0,0,0,0,0,0,0,3,2,2,2,2,2,2,2,2,2,2,2,2,2,2,2,2,2,2,2,2,2,2,2,2,2,2,0,0,0,0,0,0,0,1,
1,1,1,1,0,0,0,0,0,0,0,0,0,0,0,0,0,0,0,4,2,0,0,0,0,0,3,2,0,0,0,0,0,3,2,0,0,4,0,0,0,2,3,0,4,0,0,0,0,1,
1,1,1,1,0,0,0,4,0,4,0,0,0,0,0,0,0,0,0,0,0,0,0,0,0,0,0,0,0,0,0,0,0,0,0,0,0,0,0,0,0,0,0,0,0,0,0,0,0,1,
1,1,1,1,0,0,0,0,0,0,0,0,0,0,0,0,0,0,0,0,0,0,0,0,0,0,0,0,0,0,0,0,0,0,0,0,0,0,0,0,0,0,0,0,0,0,0,0,0,1,
1,1,1,1,0,0,0,295,0,0,0,0,0,0,0,0,0,0,0,0,0,0,0,0,0,0,0,0,0,0,0,0,0,0,0,0,0,0,0,0,0,0,0,0,0,0,0,0,0,1,
1,1,1,1,0,0,0,0,0,4,0,0,0,0,0,0,0,0,0,4,2,0,0,0,0,0,3,2,0,0,0,0,0,3,2,0,0,4,0,0,0,2,3,0,0,0,0,0,0,1,
1,1,1,1,0,0,0,0,0,4,0,0,0,0,0,3,2,2,2,2,2,2,2,2,2,2,2,2,2,2,2,2,2,2,2,2,2,2,2,2,2,2,0,0,0,0,0,0,0,1,
1,1,1,1,0,0,0,0,0,0,0,0,0,0,0,0,2,4,4,4,4,4,4,4,4,4,4,4,4,4,4,4,4,4,4,4,4,4,4,4,4,2,0,0,0,0,0,0,0,1,
1,1,1,1,0,0,0,0,0,0,0,0,0,0,0,0,2,4,4,4,4,4,4,4,4,4,4,4,4,4,4,4,4,4,4,4,4,4,4,4,4,2,0,0,0,0,0,0,0,1,
1,1,1,1,0,0,0,0,0,0,0,0,0,0,0,0,2,4,4,4,4,4,4,4,4,4,4,4,4,4,4,4,4,4,4,4,4,4,4,4,4,2,0,0,0,0,0,0,0,1,
1,1,1,1,0,0,0,0,0,0,0,0,0,0,0,0,2,4,4,4,4,4,4,4,4,4,4,4,4,4,4,4,4,4,4,4,4,4,4,4,4,2,0,0,0,0,0,0,0,1,
1,1,1,1,0,0,0,0,0,0,0,0,0,0,0,0,2,4,4,4,4,4,4,4,4,4,4,4,4,4,4,4,4,4,4,4,4,4,4,4,4,2,0,0,0,0,0,0,0,1,
1,1,1,1,0,0,0,0,0,0,0,0,0,0,0,0,2,4,4,4,4,4,4,4,4,4,4,4,4,4,4,4,4,4,4,4,4,4,4,4,4,2,0,0,0,0,0,0,0,1,
1,1,1,1,1,1,1,1,1,1,1,1,1,1,1,1,2,4,4,4,4,4,4,4,4,4,4,4,4,4,4,4,4,4,4,4,4,4,4,4,4,2,1,1,1,1,1,1,1,1

[event]
type=event
location=9,8,1,1
activate=on_trigger
hotspot=location
msg=Throne Room of Lorsion the Destroyer.
tooltip=Book

[event]
type=event
location=7,8,1,1
activate=on_trigger
hotspot=location
msg=It's a trap!
repeat=false
spawn=lorsion,8,8
tooltip=Seat

[event]
type=event
location=44,7,1,1
activate=on_trigger
hotspot=location
mapmod=object,44,7,166
repeat=false
requires_status=fallen_lorsion_defeated
set_status=fallen_lorsion_portal
shakycam=1s
tooltip=Lever

[event]
type=event
location=44,9,2,2
activate=on_trigger
hotspot=location
intermap=maps/infested_caves.txt,7,18
requires_status=fallen_lorsion_portal
tooltip=Return to Infested Caves
unset_status=fallen_lorsion_portal

[event]
type=event
location=7,6,1,1
activate=on_trigger
hotspot=location
loot=loot/blacksmith.txt
loot_count=3,5
mapmod=object,7,6,291
repeat=false
requires_status=fallen_lorsion_defeated
tooltip=Chest

[event]
type=event
location=7,10,1,1
activate=on_trigger
hotspot=location
loot=loot/blacksmith.txt
loot_count=3,5
mapmod=object,7,10,291
repeat=false
requires_status=fallen_lorsion_defeated
tooltip=Chest

