[header]
width=20
height=20
tilewidth=64
tileheight=32
orientation=isometric
background_color=0,0,0,255
music=music/cave_theme.ogg
tileset=tilesetdefs/tileset_cave.txt
title=Infested Caves

[tilesets]
tileset=../../../flare-game-1.07./tiled/cave/tiled_collision.png,64,32,0,0
tileset=../../../flare-game-1.07./tiled/cave/tiled_cave.png,64,128,0,0
tileset=../../../flare-game-1.07./tiled/cave/set_rules.png,64,32,0,0
tileset=../../../flare-game-1.07./tiled/cave/tiled_cave_2x2.png,128,64,0,16
tileset=../common/boss_chest.png,64,64,0,0
tileset=../../../flare-game-1.07./tiled/grassland/tiled_collision.png,64,32,0,0

[layer]
type=background
data=
0,0,0,0,21,22,23,24,25,16,17,18,0,0,0,0,0,0,0,0,
0,0,0,0,21,22,23,24,25,16,17,18,0,0,0,0,0,0,0,0,
0,0,0,19,20,21,22,23,24,25,16,17,18,0,0,0,0,0,0,0,
0,19,20,52,22,23,24,25,26,27,16,17,18,19,0,0,0,0,0,0,
0,22,23,24,25,26,27,28,29,30,31,31,17,18,19,0,0,0,0,0,
22,23,24,25,26,27,28,55,30,31,31,16,16,16,17,18,0,0,0,0,
22,23,24,25,26,27,52,29,30,31,25,16,16,16,17,18,19,20,0,0,
24,25,26,27,28,29,30,31,31,23,52,16,16,17,16,17,18,19,20,0,
24,25,26,27,28,29,30,31,21,22,23,16,17,18,16,17,18,19,20,0,
24,25,26,27,28,29,30,31,21,22,23,16,17,18,16,17,18,19,20,0,
24,25,26,27,28,29,30,31,20,21,16,17,18,19,16,17,18,19,20,0,
24,25,26,27,28,29,30,55,19,16,17,18,19,20,16,17,18,19,20,0,
0,25,26,27,28,29,30,31,16,17,18,19,20,21,16,17,18,19,20,21,
0,0,26,27,28,16,16,16,17,0,0,0,21,22,23,16,17,18,19,20,
0,0,26,27,28,16,17,18,19,0,0,0,0,24,25,16,17,18,19,20,
0,0,0,27,28,16,17,18,19,0,0,0,0,24,25,26,27,28,29,0,
0,0,0,0,28,16,16,17,18,0,0,0,0,0,24,25,26,27,28,0,
0,0,0,0,27,28,16,17,18,16,0,0,0,0,21,22,23,24,25,0,
0,0,0,0,0,28,16,17,18,16,0,0,0,0,21,22,23,24,25,0,
0,0,0,0,0,27,16,17,18,19,0,0,0,0,20,21,22,23,24,0

[layer]
type=object
data=
0,0,0,0,102,65,65,101,65,105,65,65,73,0,0,0,0,0,0,0,
0,0,0,0,104,0,0,0,0,0,0,0,106,0,0,0,0,0,0,0,
0,0,0,98,103,0,0,0,0,0,0,0,73,0,0,0,0,0,0,0,
0,98,97,103,0,0,0,0,0,0,0,0,85,73,0,0,0,0,0,0,
0,104,0,0,0,0,0,0,0,0,0,0,0,85,73,0,0,0,0,0,
102,103,0,0,0,0,0,0,0,0,0,0,0,0,85,73,0,0,0,0,
68,0,0,82,83,0,0,0,0,82,83,0,0,0,0,85,69,73,0,0,
68,0,0,81,80,0,0,0,0,81,80,0,0,0,0,0,0,0,73,0,
68,0,0,0,0,0,0,0,0,0,0,0,0,0,0,0,0,0,70,0,
108,0,0,0,0,0,0,0,0,110,0,0,0,0,0,0,0,0,70,0,
68,0,0,0,0,0,0,0,0,0,0,0,0,0,0,0,0,0,70,0,
75,87,0,0,0,0,82,83,0,0,0,0,0,0,0,0,0,0,70,0,
0,75,87,0,0,0,81,80,86,71,71,67,87,0,0,0,0,0,85,69,
0,0,68,0,0,0,0,0,66,0,0,0,68,0,0,0,0,0,0,240,
0,0,75,87,0,0,0,0,66,0,0,0,67,0,0,0,0,0,86,67,
0,0,0,75,87,0,0,0,66,0,0,0,0,75,87,0,0,0,70,0,
0,0,0,0,68,0,0,0,66,0,0,0,0,0,68,0,0,0,70,0,
0,0,0,0,75,87,0,0,85,73,0,0,0,0,68,0,0,0,70,0,
0,0,0,0,0,68,0,0,0,70,0,0,0,0,68,0,0,0,70,0,
0,0,0,0,0,75,107,67,67,74,0,0,0,0,75,67,67,67,74,0

[layer]
type=collision
data=
3,3,3,3,1,1,1,1,1,1,1,1,1,3,3,3,3,3,3,3,
3,3,3,3,1,0,0,0,0,0,0,0,1,3,3,3,3,3,3,3,
3,3,3,1,1,0,0,0,0,0,0,0,1,3,3,3,3,3,3,3,
3,1,1,1,0,0,0,0,0,0,0,0,1,1,3,3,3,3,3,3,
3,1,0,0,0,0,0,0,0,0,0,0,0,1,1,3,3,3,3,3,
1,1,0,0,0,0,0,0,0,0,0,0,0,0,1,3,3,3,3,3,
1,0,0,1,1,0,0,0,0,1,1,0,0,0,0,1,1,1,1,3,
1,0,0,1,1,0,0,0,0,1,1,0,0,0,0,0,0,1,1,3,
1,0,0,0,0,0,0,0,0,0,0,0,0,0,0,0,0,0,1,3,
1,0,0,0,0,0,0,0,0,1,0,0,0,0,0,0,0,0,1,3,
1,0,0,0,0,0,0,0,0,0,0,0,0,0,0,0,0,0,1,3,
1,1,0,0,0,0,1,1,0,0,0,0,0,0,0,0,0,0,1,3,
3,1,1,0,0,0,1,1,1,1,1,1,1,0,0,0,0,0,1,1,
3,3,1,0,0,0,0,0,1,3,3,3,1,0,0,0,0,0,0,0,
3,3,1,1,0,0,0,0,1,3,3,3,1,0,0,0,0,0,1,1,
3,3,3,1,1,0,0,0,1,3,3,3,1,1,1,0,0,0,1,3,
3,3,3,3,1,0,0,0,1,1,3,3,3,3,1,0,0,0,1,3,
3,3,3,3,1,0,0,0,0,1,3,3,3,3,1,0,0,0,1,3,
3,3,3,3,1,0,0,0,0,1,3,3,3,3,1,0,0,0,1,3,
3,3,3,3,1,1,1,1,1,1,3,3,3,3,1,1,1,1,1,3

[layer]
type=automap
data=
0,0,0,0,0,0,0,0,0,0,0,0,0,0,0,0,0,0,0,0,
0,0,0,0,0,0,0,0,0,0,0,0,0,0,0,0,0,0,0,0,
0,0,0,0,0,0,0,0,0,0,0,0,0,0,0,0,0,0,0,0,
0,0,0,0,0,0,0,0,0,0,0,0,0,0,0,0,0,0,0,0,
0,0,0,0,0,0,0,0,0,0,0,0,0,0,0,0,0,0,0,0,
0,0,0,0,0,0,0,0,0,0,0,0,0,0,0,0,0,0,0,0,
0,0,0,0,0,0,0,0,0,0,0,0,0,0,0,0,0,0,0,0,
0,0,0,0,0,0,0,0,0,0,0,0,0,0,0,0,0,0,0,0,
0,0,0,0,0,0,0,0,0,0,0,0,0,0,0,0,0,0,0,0,
0,0,0,0,0,0,0,0,0,0,0,0,0,0,0,0,0,0,0,0,
0,0,0,0,0,0,0,0,0,0,0,0,0,0,0,0,0,0,0,0,
0,0,0,0,0,0,0,0,0,0,0,0,0,0,0,0,0,0,0,0,
0,0,0,0,0,0,0,0,0,0,0,0,0,0,0,0,0,0,0,0,
0,0,0,0,0,0,0,0,0,0,0,0,0,0,0,0,0,0,0,0,
0,0,0,0,0,0,0,0,0,0,0,0,0,0,0,0,0,0,0,0,
0,0,0,0,0,0,0,0,0,0,0,0,0,0,0,0,0,0,0,0,
0,0,0,0,0,0,0,0,0,0,0,0,0,0,0,0,0,0,0,0,
0,0,0,0,0,0,0,0,0,0,0,0,0,0,0,0,0,0,0,0,
0,0,0,0,0,0,0,0,0,0,0,0,0,0,0,0,0,0,0,0,
0,0,0,0,0,0,0,0,0,0,0,0,0,0,0,0,0,0,0,0

[event]
# Grasslands
type=event
location=19,13,1,1
activate=on_trigger
hotspot=location
intermap=maps/arrival.txt,9,14
tooltip=Grasslands

[enemy]
# Antilons
type=enemy
location=0,0,11,20
category=antilon
level=1
number=10

